0,tcp,http,SF,212,786,0,0,0,1,0,1,0,0,0,0,0,0,0,0,0,0,8,8,0.00,0.00,0.00,0.00,1.00,0.00,0.00,8,99,1.00,0.00,0.12,0.05,0.00,0.00,0.00,0.00,normal.
0,tcp,http,SF,210,624,0,0,0,0,0,1,0,0,0,0,0,0,0,0,0,0,18,18,0.00,0.00,0.00,0.00,1.00,0.00,0.00,18,109,1.00,0.00,0.06,0.05,0.00,0.00,0.00,0.00,normal.
0,tcp,http,SF,177,1985,0,0,0,0,0,1,0,0,0,0,0,0,0,0,0,0,1,1,0.00,0.00,0.00,0.00,1.00,0.00,0.00,28,119,1.00,0.00,0.04,0.04,0.00,0.00,0.00,0.00,normal.
0,tcp,http,SF,222,773,0,0,0,0,0,1,0,0,0,0,0,0,0,0,0,0,11,11,0.00,0.00,0.00,0.00,1.00,0.00,0.00,38,129,1.00,0.00,0.03,0.04,0.00,0.00,0.00,0.00,normal.
0,tcp,http,SF,256,1169,0,0,0,0,0,1,0,0,0,0,0,0,0,0,0,0,4,4,0.00,0.00,0.00,0.00,1.00,0.00,0.00,4,139,1.00,0.00,0.25,0.04,0.00,0.00,0.00,0.00,normal.
0,tcp,http,SF,241,259,0,0,0,0,0,1,0,0,0,0,0,0,0,0,0,0,1,1,0.00,0.00,0.00,0.00,1.00,0.00,0.00,14,149,1.00,0.00,0.07,0.04,0.00,0.00,0.00,0.00,normal.
0,tcp,http,SF,260,1837,0,0,0,0,0,1,0,0,0,0,0,0,0,0,0,0,11,11,0.00,0.00,0.00,0.00,1.00,0.00,0.00,24,159,1.00,0.00,0.04,0.04,0.00,0.00,0.00,0.00,normal.
0,tcp,http,SF,241,261,0,0,0,0,0,1,0,0,0,0,0,0,0,0,0,0,2,2,0.00,0.00,0.00,0.00,1.00,0.00,0.00,34,169,1.00,0.00,0.03,0.04,0.00,0.00,0.00,0.00,normal.
0,tcp,http,SF,257,818,0,0,0,0,0,1,0,0,0,0,0,0,0,0,0,0,12,12,0.00,0.00,0.00,0.00,1.00,0.00,0.00,44,179,1.00,0.00,0.02,0.03,0.00,0.00,0.00,0.00,normal.
0,tcp,http,SF,233,255,0,0,0,0,0,1,0,0,0,0,0,0,0,0,0,0,2,8,0.00,0.00,0.00,0.00,1.00,0.00,0.25,54,189,1.00,0.00,0.02,0.03,0.00,0.00,0.00,0.00,normal.
0,tcp,http,SF,233,504,0,0,0,0,0,1,0,0,0,0,0,0,0,0,0,0,7,7,0.00,0.00,0.00,0.00,1.00,0.00,0.00,64,199,1.00,0.00,0.02,0.03,0.00,0.00,0.00,0.00,normal.
0,tcp,http,SF,256,1273,0,0,0,0,0,1,0,0,0,0,0,0,0,0,0,0,17,17,0.00,0.00,0.00,0.00,1.00,0.00,0.00,74,209,1.00,0.00,0.01,0.03,0.00,0.00,0.00,0.00,normal.
0,tcp,http,SF,234,255,0,0,0,0,0,1,0,0,0,0,0,0,0,0,0,0,5,5,0.00,0.00,0.00,0.00,1.00,0.00,0.00,84,219,1.00,0.00,0.01,0.03,0.00,0.00,0.00,0.00,normal.
0,tcp,http,SF,241,259,0,0,0,0,0,1,0,0,0,0,0,0,0,0,0,0,12,12,0.00,0.00,0.00,0.00,1.00,0.00,0.00,94,229,1.00,0.00,0.01,0.03,0.00,0.00,0.00,0.00,normal.
0,tcp,http,SF,239,968,0,0,0,0,0,1,0,0,0,0,0,0,0,0,0,0,3,3,0.00,0.00,0.00,0.00,1.00,0.00,0.00,3,239,1.00,0.00,0.33,0.03,0.00,0.00,0.00,0.00,normal.
0,tcp,http,SF,245,1919,0,0,0,0,0,1,0,0,0,0,0,0,0,0,0,0,13,13,0.00,0.00,0.00,0.00,1.00,0.00,0.00,13,249,1.00,0.00,0.08,0.03,0.00,0.00,0.00,0.00,normal.
0,tcp,http,SF,248,2129,0,0,0,0,0,1,0,0,0,0,0,0,0,0,0,0,23,23,0.00,0.00,0.00,0.00,1.00,0.00,0.00,23,255,1.00,0.00,0.04,0.03,0.00,0.00,0.00,0.00,normal.
0,tcp,http,SF,354,1752,0,0,0,0,0,1,0,0,0,0,0,0,0,0,0,0,2,2,0.00,0.00,0.00,0.00,1.00,0.00,0.00,5,255,1.00,0.00,0.20,0.04,0.00,0.00,0.00,0.00,normal.
0,tcp,http,SF,193,3991,0,0,0,0,0,1,0,0,0,0,0,0,0,0,0,0,1,1,0.00,0.00,0.00,0.00,1.00,0.00,0.00,1,255,1.00,0.00,1.00,0.05,0.00,0.00,0.00,0.00,normal.
0,tcp,http,SF,214,14959,0,0,0,0,0,1,0,0,0,0,0,0,0,0,0,0,6,6,0.00,0.00,0.00,0.00,1.00,0.00,0.00,11,255,1.00,0.00,0.09,0.05,0.00,0.00,0.00,0.00,normal.
0,tcp,http,SF,212,1309,0,0,0,0,0,1,0,0,0,0,0,0,0,0,0,0,2,10,0.00,0.00,0.00,0.00,1.00,0.00,0.20,21,255,1.00,0.00,0.05,0.05,0.00,0.00,0.00,0.00,normal.
0,tcp,http,SF,215,3670,0,0,0,0,0,1,0,0,0,0,0,0,0,0,0,0,3,3,0.00,0.00,0.00,0.00,1.00,0.00,0.00,31,255,1.00,0.00,0.03,0.05,0.00,0.00,0.00,0.00,normal.
0,tcp,http,SF,217,18434,0,0,0,0,0,1,0,0,0,0,0,0,0,0,0,0,2,2,0.00,0.00,0.00,0.00,1.00,0.00,0.00,41,255,1.00,0.00,0.02,0.05,0.00,0.00,0.00,0.00,normal.
0,tcp,http,SF,205,424,0,0,0,0,0,1,0,0,0,0,0,0,0,0,0,0,2,25,0.00,0.00,0.00,0.00,1.00,0.00,0.12,2,255,1.00,0.00,0.50,0.05,0.00,0.00,0.00,0.00,normal.
0,tcp,http,SF,155,424,0,0,0,0,0,1,0,0,0,0,0,0,0,0,0,0,3,13,0.00,0.00,0.00,0.00,1.00,0.00,0.15,12,255,1.00,0.00,0.08,0.05,0.00,0.00,0.00,0.00,normal.
0,tcp,http,SF,202,424,0,0,0,0,0,1,0,0,0,0,0,0,0,0,0,0,3,3,0.00,0.00,0.00,0.00,1.00,0.00,0.00,22,255,1.00,0.00,0.05,0.05,0.00,0.00,0.00,0.00,normal.
0,tcp,http,SF,235,6627,0,0,0,0,0,1,0,0,0,0,0,0,0,0,0,0,1,1,0.00,0.00,0.00,0.00,1.00,0.00,0.00,32,255,1.00,0.00,0.03,0.05,0.00,0.00,0.00,0.00,normal.
0,tcp,http,SF,259,3917,0,0,0,0,0,1,0,0,0,0,0,0,0,0,0,0,1,1,0.00,0.00,0.00,0.00,1.00,0.00,0.00,42,255,1.00,0.00,0.02,0.05,0.00,0.00,0.00,0.00,normal.
0,tcp,http,SF,301,2653,0,0,0,0,0,1,0,0,0,0,0,0,0,0,0,0,2,2,0.00,0.00,0.00,0.00,1.00,0.00,0.00,52,255,1.00,0.00,0.02,0.05,0.00,0.00,0.00,0.00,normal.
0,tcp,http,SF,322,424,0,0,0,0,0,1,0,0,0,0,0,0,0,0,0,0,2,2,0.00,0.00,0.00,0.00,1.00,0.00,0.00,62,255,1.00,0.00,0.02,0.05,0.00,0.00,0.00,0.00,normal.
0,tcp,http,SF,370,520,0,0,0,0,0,1,0,0,0,0,0,0,0,0,0,0,3,3,0.00,0.00,0.00,0.00,1.00,0.00,0.00,72,255,1.00,0.00,0.01,0.04,0.00,0.00,0.00,0.00,normal.
0,tcp,http,SF,370,520,0,0,0,0,0,1,0,0,0,0,0,0,0,0,0,0,3,3,0.00,0.00,0.00,0.00,1.00,0.00,0.00,82,255,1.00,0.00,0.01,0.04,0.00,0.00,0.00,0.00,normal.
0,tcp,http,SF,172,5884,0,0,0,0,0,1,0,0,0,0,0,0,0,0,0,0,6,6,0.00,0.00,0.00,0.00,1.00,0.00,0.00,10,255,1.00,0.00,0.10,0.05,0.00,0.00,0.00,0.00,normal.
0,tcp,http,SF,264,16123,0,0,0,0,0,1,0,0,0,0,0,0,0,0,0,0,2,13,0.00,0.00,0.00,0.00,1.00,0.00,0.23,20,255,1.00,0.00,0.05,0.05,0.00,0.00,0.00,0.00,normal.
0,tcp,http,SF,255,1948,0,0,0,0,0,1,0,0,0,0,0,0,0,0,0,0,4,14,0.00,0.00,0.00,0.00,1.00,0.00,0.14,30,255,1.00,0.00,0.03,0.05,0.00,0.00,0.00,0.00,normal.
0,tcp,http,SF,274,19790,0,0,0,0,0,1,0,0,0,0,0,0,0,0,0,0,6,6,0.00,0.00,0.00,0.00,1.00,0.00,0.00,40,255,1.00,0.00,0.03,0.05,0.00,0.00,0.00,0.00,normal.
0,tcp,http,SF,313,293,0,0,0,0,0,1,0,0,0,0,0,0,0,0,0,0,3,3,0.00,0.00,0.00,0.00,1.00,0.00,0.00,3,255,1.00,0.00,0.33,0.05,0.00,0.00,0.00,0.00,normal.
0,tcp,http,SF,145,4466,0,0,0,0,0,1,0,0,0,0,0,0,0,0,0,0,4,4,0.00,0.00,0.00,0.00,1.00,0.00,0.00,13,255,1.00,0.00,0.08,0.05,0.00,0.00,0.00,0.00,normal.
0,tcp,http,SF,290,460,0,0,0,0,0,1,0,0,0,0,0,0,0,0,0,0,1,1,0.00,0.00,0.00,0.00,1.00,0.00,0.00,23,255,1.00,0.00,0.04,0.05,0.00,0.00,0.00,0.00,normal.
0,tcp,http,SF,309,17798,0,0,0,0,0,1,0,0,0,0,0,0,0,0,0,0,2,2,0.00,0.00,0.00,0.00,1.00,0.00,0.00,2,255,1.00,0.00,0.50,0.06,0.00,0.00,0.00,0.00,normal.
0,tcp,http,SF,317,2075,0,0,0,0,0,1,0,0,0,0,0,0,0,0,0,0,4,4,0.00,0.00,0.00,0.00,1.00,0.00,0.00,8,255,1.00,0.00,0.12,0.06,0.00,0.00,0.00,0.00,normal.
0,tcp,http,SF,300,42747,0,0,0,0,0,1,0,0,0,0,0,0,0,0,0,0,4,5,0.00,0.00,0.00,0.00,1.00,0.00,0.40,18,255,1.00,0.00,0.06,0.06,0.00,0.00,0.00,0.00,normal.
0,tcp,http,SF,307,1377,0,0,0,0,0,1,0,0,0,0,0,0,0,0,0,0,8,8,0.00,0.00,0.00,0.00,1.00,0.00,0.00,8,255,1.00,0.00,0.12,0.06,0.00,0.00,0.00,0.00,normal.
0,tcp,http,SF,309,1030,0,0,0,0,0,1,0,0,0,0,0,0,0,0,0,0,18,18,0.00,0.00,0.00,0.00,1.00,0.00,0.00,18,255,1.00,0.00,0.06,0.05,0.00,0.00,0.00,0.00,normal.
0,tcp,http,SF,306,1030,0,0,0,0,0,1,0,0,0,0,0,0,0,0,0,0,28,28,0.00,0.00,0.00,0.00,1.00,0.00,0.00,28,255,1.00,0.00,0.04,0.04,0.00,0.00,0.00,0.00,normal.
0,tcp,http,SF,237,1691,0,0,0,0,0,1,0,0,0,0,0,0,0,0,0,0,10,10,0.00,0.00,0.00,0.00,1.00,0.00,0.00,10,255,1.00,0.00,0.10,0.05,0.00,0.00,0.00,0.00,normal.
0,tcp,http,SF,237,2964,0,0,0,0,0,1,0,0,0,0,0,0,0,0,0,0,7,7,0.00,0.00,0.00,0.00,1.00,0.00,0.00,20,255,1.00,0.00,0.05,0.05,0.00,0.00,0.00,0.00,normal.
0,tcp,http,SF,239,1691,0,0,0,0,0,1,0,0,0,0,0,0,0,0,0,0,4,4,0.00,0.00,0.00,0.00,1.00,0.00,0.00,30,255,1.00,0.00,0.03,0.05,0.00,0.00,0.00,0.00,normal.
0,tcp,http,SF,160,170,0,0,0,0,0,1,0,0,0,0,0,0,0,0,0,0,1,1,0.00,0.00,0.00,0.00,1.00,0.00,0.00,1,255,1.00,0.00,1.00,0.05,0.00,0.00,0.00,0.00,normal.
0,tcp,http,SF,231,2281,0,0,0,0,0,1,0,0,0,0,0,0,0,0,0,0,9,10,0.00,0.00,0.00,0.00,1.00,0.00,0.20,11,255,1.00,0.00,0.09,0.04,0.00,0.00,0.00,0.00,normal.
0,tcp,http,SF,227,1247,0,0,0,0,0,1,0,0,0,0,0,0,0,0,0,0,19,20,0.00,0.00,0.00,0.00,1.00,0.00,0.10,21,255,1.00,0.00,0.05,0.04,0.00,0.00,0.00,0.00,normal.